-13.398413150317491,-11.052986199750674
-15.48979107373279,2.465340535166942
-12.588212556274284,2.683322803279909
14.599473339764312,-16.97550099534901
14.108332942810321,0.536352650645433
12.822106917747279,5.6987657368830815
-13.576116441521933,-8.855447613400592
-15.96818068688717,6.783055288520499
16.950630276741446,2.1778574602514253
-6.6075805174908115,-0.433242353077571
2.918050707765755,-20.207110583307344
-4.44367378054762,-6.212453455843942
-5.082590438614648,-1.8423623504929667
-15.6360453379199,6.443714154283298
7.165052692530535,-1.3394210208918698
6.904957879180272,-8.593184164520283
-19.9726808457741,9.120711333527222
16.07888119498904,3.146719577617138
-11.817355574624967,2.531749412912713
2.383445279056555,8.491218921559222
11.18880619345076,14.168490683476909
15.056160508215402,-0.46093448311888496
-5.323609995228719,-15.705379756972397
18.95579868644731,-15.673402120418656
0.6035040609508513,-19.28346334467476
15.880715655427307,4.9611293172859305
-7.5709454906097,11.15905358188241
1.0515512264377362,-10.851857583215422
2.8339201600366764,8.93004738500919
-7.8409274953597095,-15.841439303684952
-9.600229221647627,-15.175930765946815
4.157428118697881,7.985487112038314
-3.489307242377966,9.92288247366159
12.937723975726923,6.162703779331421
6.056130671376464,1.865308544005313
-5.016262763147598,-17.012026354839904
-3.452792739514761,-7.5963773461666
-15.3826088936436,1.4935972978746483
-15.192865705483516,-5.937248232435822
3.94684097329575,-19.349885658538458
-15.402301136354557,1.728300889481866
18.56964533944071,-13.745923270797663
-11.143600689811054,-12.762170260611247
1.8630842607678524,-11.476142711008185
-11.869850765427614,-14.631654571417492
-6.0392657372551355,-2.5647041869658933
6.0343267939452545,-9.877593797973763
-8.43351710772821,-12.144663638470174
-10.842937765310669,10.317050778330149
-4.536643198286496,-6.202694382660884
22.234167363464067,-13.240185014394262
-4.869886641110942,-1.2102441381839053
-15.42632604713009,15.73249646977672
5.984494768181102,3.0112330458634755
14.278735296471812,-5.408853625194177
-2.477921981144084,0.2489757564992474
14.524843472859974,-14.524416190774945
10.782322661527953,16.48122704617039
20.57801707854183,-11.800415782780744
6.226679939853463,0.31588871055271445
-1.8097276736579277,-8.763583229051953
1.658847203178637,-10.500196569796657
4.995903079014204,4.6284121682711366
-5.115895094334963,-17.948311754198794
9.494867692820325,-8.088679643138954
3.552689227656732,2.282590531410762
-5.262020535079424,10.775578866251292
6.765383932465568,16.743852715452114
5.863451787507409,17.585296465063543
-7.230044420814441,6.188871067750835
-8.742106558001376,6.336583395716701
-13.577880629787918,1.9727097667371987
-12.380488502756917,19.000476602893887
10.361006550076487,12.323475702691972
15.486310059598656,-1.814534331231417
-1.5585045722245927,9.435541252564732
7.218822293292138,4.759520632120921
15.627939715017773,5.453297271769403
13.955244002334396,-4.4075019669804725
-17.90882771028123,15.25106631761176
7.675887807786693,1.4147408025166968
9.4201843556866,-8.691241634502921
-8.275319381377217,-19.0628521945736
-11.352879198165404,-16.312376221603515
-1.0646949350052313,-10.228853212670609
10.072317114295693,-20.25459560573894
-5.947391081109964,-3.8576641786241557
-11.250454606779085,-11.250514078438968
0.7502750246170273,9.13277493632328
12.989740353095929,14.384768729002731
11.967762189942992,10.663959051144339
-5.081963339511243,11.927809603108686
-3.2608007595763087,13.57329575654211
8.268721887316184,1.296882428852535
-16.05177493318823,18.53308215281015
-1.1590846977881715,14.707862080302943
-16.523416236994894,-5.409586890548452
-12.796909978708268,6.548237891990505
14.583927294692035,5.683784171037476
14.462260786661414,12.277962448494685
-8.835420927558033,-16.130398251794126
-13.611482807771095,4.74485430152378
6.035797617109018,7.3874951789647305
-1.2806676524103429,-8.198084513360188
13.972772001216564,4.434178751145715
-3.8017067139403573,7.970953408603762
-13.384568233674326,4.2840909861854195
7.251155292941085,15.846900307700622
-11.949645619167203,-9.538105073372261
-13.453254151800754,5.680049921740696
6.174032275369683,-12.045039357465745
15.494127876294453,-0.11991490828690221
-12.191506829852809,5.688165545610022
5.025232320270297,10.643982484464784
13.94768296308214,-6.124435209996941
8.53412772207884,16.947402606744255
-4.667473311785159,-2.3770846152088616
5.761725433458924,18.512043699743764
-3.4851818829289627,-4.411946840341097
-6.287189743254416,0.48740082955479214
-3.725281007768832,11.34357219135458
-7.057361585622916,-15.263186995820682
14.710343793950054,10.434572912592179
-12.507691067230416,3.4439177412308046
-13.087329138740792,-17.42183092370509
14.70138701407264,-17.897568701895885
-11.449601159428312,5.072876819746605
3.1251622565256545,-21.369338542357692
3.624995152425626,-11.043836835312678
8.95038457104319,-18.203948676856015
4.831647677561506,-10.191280478573116
11.462280525030163,-17.120076508648683
12.521185069674578,9.672154794284593
-12.515212558540082,8.496064101888242
6.37272905997385,2.722057840401314
7.007912580238622,16.28749423013852
-6.712785146802961,9.640840459282016
5.326916276186085,4.857341660372101
-11.096543237933172,-14.73458075106221
12.19135125854725,-2.9576279712835483
7.441828847651521,16.77144494173368
-4.174289230763711,-5.765153987531163
-20.13087444289806,12.367252649121408
-12.29775406991842,-14.0845528435234
10.022965613735291,13.3871218389915
-15.335003527177697,3.7199878374806574
-4.509308745456364,-7.222820943276214
10.034915190379273,-19.998147315438278
-14.32194005378147,-9.671192182571996
-5.7849641785097745,-1.3941328386600942
-4.882126644718787,-1.5833937071986484
-5.590940649676659,-1.4355918012007174
-9.176612324043584,-15.48351841534893
9.815977993836492,-18.278277493506263
11.87362076176,-6.077121783807545
13.954507656965772,-17.299644111169762
-6.425645971083166,-0.18971388157683777
3.297242549522679,9.76325741252179
12.807573608548639,-2.1720545026750777
-3.759131993861855,12.914352161434028
-11.643129979680351,7.496827001289711
2.1138544507313566,7.105393886001002
13.223922070427646,11.415534392415415
3.1787563495912123,3.6877310228519287
24.84466121767334,-2.424756928463816
10.939780029265457,-10.891141251953634
-2.6945333288202997,12.334500803667206
-5.715601441631941,-1.5008875806101436
-8.134342271552228,4.528846484390629
21.782776319498318,-15.392818225679997
-16.55301571277823,-1.3911182125505182
-0.0032509423852733477,-7.686115446770204
14.05848702547205,-3.32570649563338
-5.16707446951387,-6.175951779630411
-7.717010781639956,9.127270739522292
-11.362850244277807,6.365196792491513
1.909101258807837,7.722412327254015
-1.3003508677562214,-9.03091319171099
-5.493580181244791,-2.936851394372692
12.601680881981494,-6.789239343111536
-15.465926257807913,-2.350377201936228
-4.878990856602686,-17.72915091526481
-3.5071580781034575,-8.531178348284408
1.207027664774948,10.750413163134755
-1.2758429935571751,9.345420993561579
-11.805198113980223,9.400628921527662
-21.724982696020447,9.29634960642907
-16.99724832277137,0.6397378798694178
-3.7307849435278175,10.728922729580532
-1.453994519306161,-19.61804042895129
-5.410452794496442,-3.1259179988119192
-5.771708474647528,-3.0354214399257873
-9.26409142837385,19.53353940434567
11.475518545286652,-19.280867532387607
-1.5872939546568432,-18.855203656713734
4.35337313994531,2.4774784484548156
25.433034939096004,-4.070785898755534
-6.944131934613378,-2.326221649586133
7.655757081595585,1.0302596521438256
-4.636380066085785,-8.963071675562333
3.722426969361636,-0.10190652201833106
-9.939199542409908,-15.61691803193454
12.79501877573007,10.916695903461349
2.092607375274123,7.3695964659393995
-0.07966223386843796,20.447933456973278
-19.847586520616673,11.010778198160097
-14.154942047056698,6.120826459216788
25.457904414729438,-7.117594168029346
-8.971260540785034,6.662804014340924
-18.25783081605332,14.252839826782328
-6.091673472890866,-3.8886880501086853
-6.551304125557747,-0.49500886778402986
7.117884270154226,-20.156838423465537
-13.385060087573631,-11.963251964195328
-23.266987391296457,8.000766348540767
-14.59092972414349,-6.966505152595438
-13.330998523311768,0.5220317549515081
-15.291333414058895,-3.2548898937322797
7.311651310909955,-21.732316509442935
5.83612844077374,-20.09007998757026
-7.2096919196366605,8.372588606173405
7.384551346387507,5.818501512230807
13.65719505054534,0.8113578167886403
12.508880323096786,-3.9338673461455267
-7.8743175884444305,11.945423256860549
-5.878931828988,-7.631344865045083
-6.105916426870241,-18.122685701375907
6.545540562098103,-21.15323894203202
-13.185051662471245,2.456736247317911
-5.95412536240251,-3.395665024713935
-6.559415177743702,21.028281498059325
5.599386519926451,3.8271271442229273
-1.6541089444123025,-22.26175209636841
5.487398170071333,4.7888203782032095
-3.7505563926958825,-6.037886863424853
4.411967717373588,19.390077436367154
1.5478801973544747,-9.031313627431508
3.0086613291512014,2.765889784628103
0.6684409329134863,7.794313892641457
-9.751727479747892,-10.41225207431598
11.679380068136373,-7.332293261106393
-6.21668749703372,-3.386767050563063
-18.84410663922475,13.63940698807365
-2.7206718605326925,11.215823338224782
-21.593068335674364,11.59661033145146
-25.887110479354845,3.728251003444503
15.37019191008436,-16.28634407749799
-4.772720085675738,-2.9744976360643394
-10.299493067519856,8.361497864563077
-17.361804626046027,15.827885540178727
-5.69966537702087,-3.438436594847999
-19.037773729478314,15.595169222269249
8.793474431584716,18.321598404337355
-6.658873822820945,9.012128393203321
13.939091490000697,-2.245176092404106
-23.901552871179593,8.195471086226263
-12.219973488558548,7.5258146179032614
3.7844341139529503,-20.704717982441274
-4.5135460611913,-4.686146711648454
6.077371653444724,17.843460046804378
-12.362241078174122,4.4855472690848055
-8.74852924834023,-16.65099160716771
10.929700488162279,-6.460358590996389
7.462621774997937,-18.67261432953515
-0.8246495096204893,-9.169205102413077
5.537044501606214,0.2694233965171412
14.586943447547334,-2.895314699495156
-4.036836060208835,-1.1890294433933288
26.964616965526833,1.037773676113783
-9.563531517724629,-15.342017935457067
-6.093679536287416,-4.135374211908663
-8.968808761852852,8.334163856494824
6.467600130552535,-20.578958947432465
24.185470238207174,-7.784534351047344
6.557902283877317,-10.759244889660884
-11.56427692140143,13.732560253216553
19.241549905769308,-13.860595130654726
-0.10422069514846588,21.10187539091055
-4.81631985853746,-10.24941710300738
-16.7719770079194,-7.006640412928492
-13.978180186366023,14.561021699004227
5.315539130705218,5.776887222438492
15.438754849994616,4.3792748375040516
-1.2158864857955423,7.356986483484045
-1.4664071616507275,21.468886857459978
17.928523561468552,-12.863887505785632
4.884498540970603,-18.5353978672711
-2.2301302707915887,9.290702070563032
1.965352341282319,7.180911377265607
-0.9116480796727073,13.728393236676453
10.651838296225487,-19.46707549966416
-12.604585665545832,-12.41266577155149
23.887420003592165,-10.209102409558337
-11.048801178427333,-11.898481880011817
17.420429675190842,8.022528597652334
-14.976145720081643,15.63181305096545
16.76258888914364,5.64035174800129
-6.343022996922889,-4.176999728668665
17.152119994775862,-15.195724403469018
-7.359178625960989,10.633816858692121
-18.702393963723644,13.450569417342194
-5.030706994793848,-5.141370142672589
3.829084243431648,7.104974803009196
-6.824150910935045,0.34419235682339844
4.0430613924488785,4.531517111727584
6.17880419850594,-0.2591779607252654
-24.339264533306245,4.247393746424136
-1.0658315672191292,12.974685956262604
22.794159336070095,-2.99621114594635
6.426019992886721,-13.044530284682631
4.532095629067121,-2.9205072052608223
9.499701244452103,16.23179979403436
-22.28816566085813,2.5036977400271048
13.421657157385894,7.646055916763181
-4.269446228301427,-4.611046790019339
13.453257115597319,-5.309145879094936
-0.33751691986092447,-20.485405838492532
16.189300431589853,-17.451797635536643
1.309602994732879,-10.692068601956963
4.969328697171967,2.715720915760012
11.368149904006549,-17.52866612552976
-12.934952256220116,-13.838992221723213
-7.047145037146862,9.101101122736315
-11.813484782368935,6.865065026326995
-11.36166723158724,20.52986701691919
-4.524270809029953,-3.4165469681089724
0.7112995355987606,-21.89826392362858
16.481393791223653,-4.228944073585929
-14.66238347408851,-7.137479302138464
-18.972577211331895,12.58287405416793
-4.160708511562796,20.21435330836379
-12.159794803379812,-8.750328530998447
-1.4434115290805896,-20.37163243374099
19.398294001233644,-13.32752044481288
-5.038319461687214,-19.148423054081682
1.9578096626049437,9.991097712807639
7.31573873776688,-20.36477577580052
0.6587890736302031,-10.430039332281337
10.941533989319627,15.89064721220009
0.9546100891983553,-8.908514871266256
6.53643985013008,7.149366355599904
12.372986896596734,-6.220722376084919
21.396127312766062,-7.499518682780179
-4.250493766153161,-1.8077568220651523
-23.941182416243514,7.799561596299272
-22.873573037729013,2.107864258821942
-15.531817206400756,-7.654916233867503
-1.71942608976282,8.841897756301712
-14.509075816933366,-11.197110943058405
-11.301366656537786,6.621393132383182
20.664265063664494,-11.448945057069139
5.294668205478292,5.952257135156447
4.7684020662011255,3.701288854282691
-9.133520565946018,7.469618568752899
8.988839469707118,16.968281085194235
-6.097712523508813,-1.171136767529862
2.789314049887633,5.089475614642116
0.49847438149580103,-8.472950137221336
-4.7457047823116625,-1.6372147432768178
-13.736025559384172,20.342879874008258
-13.834013633558325,-7.075818952352559
-5.410495811697834,-6.429509142819153
4.697250770122574,10.947171714689876
1.3875043083070737,22.09518074236889
6.668028286515904,4.208906049648154
14.56502625642645,2.320348382567046
-10.932644702726114,-12.3020733754393
23.085670165788013,-2.1149459324904543
10.034304747654142,-5.619265495456778
2.125634943974175,9.0691797226012
3.7745201734750378,-10.831674857680735
-6.805412916608261,8.954276662801899
-18.464504865855382,1.6839925457012004
15.390316822306804,7.893286547394579
9.691161510871071,17.88562315057589
-15.569039816286384,-4.85362580853703
12.497915834960178,-7.578613958324368
13.732834808285231,9.343125636872479
-14.278188702849652,-2.101807876511075
15.278465302908208,-15.335346952339002
3.7614586225933597,1.3939974621298699
14.114550667132715,10.293847387198461
-5.478074657274913,-8.560988191137037
-19.466475321076334,14.163445976094698
-4.6170723718395354,10.150124846097045
6.44012273875413,3.872496091896236
-2.3872869030615207,-9.58563751946911
-10.579210230798624,-11.950692827619179
7.2187597438930515,4.539768581283937
3.8883634103288123,0.7533191148032228
15.107121198242162,4.2880523890295645
2.3672353062529834,9.508647934075055
-16.212345208178885,-8.50802693624739
-21.090862077915144,7.522052046778239
-14.242421019367654,-6.326027012262646
-9.154956148127148,-7.16160679542957
-7.85457668927948,8.23577814253507
9.278950977837901,-4.439581511833568
-7.911030130945627,-17.342275357689935
-0.3679642404970038,9.251114423593993
-21.31360705698408,10.418200656627986
14.493663159880787,0.8046342145921063
8.67392386487995,-9.199643558705096
-1.1289744894972618,10.197394427732025
-8.751574403854784,20.389601878766847
-13.980436974085174,-0.4928473838348944
-0.9180226419245355,-21.960539604225843
3.6516929818214345,1.6535707499503296
13.879432218887075,2.6293324197220116
-6.2437254141900365,-5.584896309863852
10.212675746331389,-5.785680564309742
3.4583084909334314,17.702371147218557
1.911048701814411,-9.458364516576122
-11.724659756030361,4.282723814493454
5.118195883293555,-12.199866681663034
-13.857007298921847,-3.559346815166763
-4.8412700310995,20.67283771800864
-6.8891090353491515,19.135804994894297
-12.591353758206736,-10.23937293210765
16.53503947243448,-0.5262828892987914
-6.933144863407853,7.667330690601534
-9.256826129148374,20.220207298622963
10.48547970739983,-5.281332799570962
-18.71436334800665,12.429784576680811
9.420032031060902,-6.531985396074636
23.604082788553367,-3.4372634052123296
2.275003463648998,2.687513356288643
-9.315701019470639,8.04080866164187
-4.68126557242047,-7.498550212706492
8.569363531150678,6.0434324903092485
4.628781869744831,1.2851035066314256
-8.198805328443363,-17.746896779637467
-8.212171575250583,3.3905897087498262
14.544528960062216,1.606047506922605
12.636804746600651,-17.769610062069656
-5.781169316503142,-0.30613092490659577
7.420941408148021,0.3097119051727881
-1.4192660863936988,7.248147647172286
13.42612836526477,-4.5999741774909575
-7.115045492355658,-17.220843240187055
23.278612323830917,-2.5427187860244196
-10.786759914728888,16.058682342799873
-21.3725164311819,7.839817164366301
-0.14764466859075326,-20.140021157383963
8.309903880594083,-10.210912373004525
4.650626047134904,6.074742972939191
16.24116461551426,-14.119241879221638
15.62326715608093,1.3138102126665394
-11.243784073066411,-13.643061689167919
4.943447567775072,-20.30424547087347
-16.420690711421695,1.5752827358635386
15.281513881353671,-6.154483300455723
3.9493677085760552,10.030659122204211
1.6381887239111759,1.3591670898594674
0.9981925424334218,10.603742083863589
9.192446341987207,-21.09797138532245
-14.552483003030128,0.6804665212821925
-0.9516530280063691,-9.2609192298614
-8.220956720116728,-4.201811256930022
-4.732682024437823,-7.460799275189936
3.5120078608640615,6.606082534548787
11.434201511366377,-5.988465249562269
-14.530050134136578,-7.227730563542916
-11.252212462175349,-13.9435022311399
17.036665829805784,-1.0037539486178346
13.927812263188123,-22.51376758144137
23.646411309346313,-5.988686866583372
-15.901335688254559,1.1096042675809055
-5.6580966929307195,-1.9021544068360945
-2.6179246480552596,17.35189534188167
-13.434325342091483,-5.619383236999784
-6.762612920746135,20.52600916713919
6.123032694082128,5.7657541640724475
-11.912121790449897,-14.448342453908262
-14.127123487101557,-3.68167142127702
18.620506923312945,-14.012350801270223
5.7316319355399505,-0.4951866945374248
13.930142782876732,-2.3817323189848967
-5.465408190461057,-6.42166575437662
18.178799041076747,-13.429887199354383
4.392903230093083,-19.86862351074833
11.271503153068897,-4.84069850936299
15.64003718371808,-1.2329640192799887
8.932022863118835,16.77283429038204
-22.185092088583342,1.035191694801974
14.131479111973363,-3.2043847293987273
1.8397309525137047,7.649641072480971
6.01442702050349,-9.067778644420013
-14.446267918430388,0.494274582052153
14.771172184618262,12.05445697554901
9.104248342038325,-19.482090014682964
14.827653387338769,10.011318780924341
-3.055386439935596,20.55733466551849
-5.466281326412521,12.452718647334413
19.00430273290784,-14.91246963021387
-18.38552830803359,-4.228929584732074
8.40028917034478,-10.005283075694662
3.7016694831492676,2.88035164993308
5.200316144429781,6.790751918573895
3.0046598403138365,8.26499772771909
-12.158842536053456,-8.849159144427931
4.982333364575389,6.147029280973029
9.759673540607583,-19.386936298119785
20.6833842179893,-4.463445627423574
-7.142742882501725,20.06401867990932
-4.2321652624648465,8.766238989728759
10.81388507242389,-6.028922848506171
-11.33220705685587,-16.367687349045067
-3.7114402423662893,-3.674799327822188
3.3496457102729558,6.043223472143738
9.250760875184689,-9.105590433424018
-6.81860023742175,6.3098997718725425
14.304421636172327,-3.005823480044582
-0.02500336445408391,-9.779680212793487
-6.483172130502648,10.689143280470805
-7.197115564259992,-15.765441514593846
-11.344681434868372,-10.848669236790963
-0.13719200051740102,21.09612095900336
4.846533239413043,-19.97924919542977
-1.3146478284811502,-20.974994601835526
7.1096459884881735,-19.534953017682124
-23.79920502388195,5.571844469119442
2.5234725197448533,9.142169470109977
18.273056735628256,-10.392684516855542
-10.052767195960577,9.522976215570905
15.326136598981694,4.240146654043933
16.286977902876504,-17.60608469697721
10.595348598256392,-16.463569476683823
-10.638088674193158,-13.844441111077105
7.773040853112484,15.328003793262805
9.000301892915598,14.637920956052342
0.13522089899385364,8.742796920236229
14.13272602347649,5.535375735729609
13.89652490728365,0.6143450083071511
6.3561126673285875,15.900673054728614
5.132049183934814,4.968015461905772
-18.769714681652978,12.458214682831045
-21.673237774487646,7.741474287997799
-5.333922037127766,-5.8339841076896946
14.141566829495869,5.018988732584534
22.87407832461816,-9.415196404123632
-2.2490600711531448,-9.614380018807813
16.193055865292152,-1.8486995197916367
13.214959687166749,0.5144622060390407
2.9023369412624134,-9.68227456109976
-7.37453828389676,-2.9021958752252885
12.372475179231564,-16.852350321196955
-21.575410446577113,13.191144768072512
-15.386141336090887,-2.5106842182173432
2.7805554562679164,-9.698667170942281
16.834995064171782,-16.172887883410088
-4.97194016940368,-4.798282962119864
4.0053578657129005,18.58042238925692
2.624713807987191,-21.353355599350703
-5.698615532200162,-2.231900799236052
-13.23334325376145,5.893374976086355
6.150878262373865,17.86435116861048
11.6570707176222,7.743810566358012
-0.8934740738310505,8.952751602118257
-3.1613389745212945,-9.238208828201445
5.75191372410005,5.618847939716021
20.129089760964337,-8.844676373159457
-10.33340699457516,-11.564994704802304
-13.529873036682808,1.2711489617925333
3.8642101258378623,6.957130268024798
13.385795592890116,8.776617163398464
5.112860709654445,-0.9411580651218691
-13.483861963796663,15.319635570760248
-11.255502718994313,-10.924868661302092
3.4481950255942597,2.3767033728730356
-11.325484469001557,8.910179774128789
10.601862245908947,12.985511539491196
-3.8192611803750545,-10.811346860004294
-3.50281226226096,-7.782824403230141
24.433715309531188,-1.6095741771690886
-10.117283369088131,8.045664124088455
-10.040082934631515,-10.952235312430057
9.040716559772987,-6.781768234786062
-16.921533804811194,12.456915163082705
7.721504325385356,-19.0385772070296
-3.408269941728622,17.131846733287915
16.397767846441283,-0.04021356255925124
-14.763044988540322,-8.664664039899048
19.54234635763423,-11.687448921865208
4.930512595763105,5.968424930664573
18.920198703104216,-14.398902998766197
16.18165451050239,1.1295651446922266
13.820709846021602,-16.6808525163354
14.13061101582611,-17.448870257276695
-16.0870323590672,-7.8204713913913295
-8.396295728581904,-14.891973493290104
2.687745558544734,19.144946549324438
-0.3231554275371318,-19.46948520031045
3.1983597289984522,-9.492509250134134
8.627929464673734,8.260687667527632
4.467305561857456,4.4433980008819995
15.672581991231198,-0.798862615306483
-5.071327137886024,-4.721374043416764
16.30120081951146,-13.386193242750924
-12.64393806662122,7.241645095256046
2.6073669089585993,-20.239237100724687
-5.109962357204235,-1.4113325728806605
-2.3303405939489403,-11.12100801130709
2.133009427365617,-10.861410637235984
-10.46728307524011,-16.502730060966314
-26.434010164326832,2.6145035899794187
4.486088679693434,4.496741621387268
13.414709341574437,-19.269603620040783
7.259471223617072,2.463428058038323
16.771608245480394,10.418167076560191
6.935264236583934,16.32246161400813
-8.99886052228667,20.530529218838595
-12.953566330837756,-8.886790135000012
12.678450402124833,15.152942839363606
17.011913672027635,-13.826601264472746
14.348901921605119,-19.74693934875664
-3.0864376079562192,-10.801402559159547
-17.432392195645598,17.039601449703866
6.848372375834219,3.710235717512435
3.690655260968894,6.995857838473479
-23.22042186208483,3.856068909229742
5.90824894832926,-20.582035625779106
-16.863132018531196,11.187446548837585
6.222970366302894,1.7496840692097924
23.04592136134037,-5.830186222059451
-13.338934713249817,-3.0168207183657474
-0.8779195298557133,17.34287895021067
14.342684243520045,1.6595551069952523
4.697822977406128,-11.809195972486515
9.796125123363602,12.955151105215208
2.9159581511220996,7.036828220088004
7.260714112410781,1.0352902130532788
14.27444757436482,-4.375294374277045
6.823643466421927,-10.935284139950664
-5.258878360727886,-9.400717888120042
-19.406023283664005,12.424849103625183
13.609193271228545,2.1795848332651744
14.448669996133813,11.997085342182272
-14.143211513504225,-8.011177426287844
5.710237619550679,6.20012588740771
-0.6094788737171318,10.294181095720324
5.898204071188485,-8.195871424850218
5.174807464834807,1.5103257705607676
-15.12156009161698,-1.369679898927978
-12.212461813167927,2.8052022191401247
12.907253200619671,9.2392859362792
-10.938141648261226,7.295949661985434
3.0239773572379964,-21.138157020001294
2.9531292831361453,10.721001466024923
7.482510762369009,-10.86963062522766
-8.107038247495835,17.008345729066434
-1.1023991360218162,-18.06565297976281
-11.07608274581273,17.025683075417394
12.856827435211462,-6.955741968214837
-16.970602308293014,-0.6918098446195636
10.34979734516909,-6.616828087344974
-10.848605233783408,6.09761065155109
-5.304908469196448,-7.584829184215217
-25.498752891935037,0.9790629434151178
-8.8311711181162,-18.347522762257796
3.4691811648188033,5.2325123998665735
-7.6258867705137,20.741689894769237
3.8738070041533637,-21.003861169159897
-13.482215094554144,4.451492296970319
-0.1732426533289351,10.254189382445576
-2.798656735147835,-7.269376963104096
13.782094980246645,9.329038734033608
-7.564650438414655,-0.5261434151894959
-19.990943172401284,10.787747429672958
1.8114061401342547,18.870931103304613
8.517091299307806,19.29847531901175
7.678416657403744,2.718034198433795
0.884821910279565,8.094547266113397
12.653522583380282,-15.775361441947155
21.698863201983798,-4.125103097122486
-25.05568931110408,3.0937268822882276
-15.896878484885084,-6.130877556093228
-12.308471020453043,-6.901482143512446
-14.42891157422134,-12.057029057780028
-12.45742296443736,15.934888232878349
6.917171912146191,5.604254520124953
-6.495907417851286,-6.471129188779573
-5.31924260706273,-7.277216746615482
9.647152874780486,16.243415489174595
-12.029881676378888,18.32474294179875
14.923281176809647,0.8050593677430466
-24.541586002321857,4.421011424166439
3.9884078169815442,-8.847528318697414
-6.385120507058166,7.997769362987538
5.162583255138497,-10.434898999567643
13.517480325525414,7.313398032095295
16.532419353827137,-16.720158750970846
17.02197967448063,-2.4092526338921942
12.319187793418294,14.440729898673212
-3.3526078809142073,-6.3161022549566255
-4.523617316014979,0.5559919343435785
-5.759076633647778,-4.979588445876607
3.0048730230575313,-9.219893591199586
4.37133097134408,1.677975233020835
4.21814044173716,-9.461332746004592
-7.756552689131889,-1.9752490773414375
21.682869576341453,-9.531955010345515
14.968400013128909,4.5602855804674425
-17.112486625668247,-9.024498266878595
-19.100291997935667,13.5573324291302
-9.15354370154459,8.828112651024812
23.809682684934227,-1.4752711405234968
5.265971861454995,-16.879445242149636
-5.141580838792077,21.582834741025145
-16.42481488392864,1.960466325702739
18.151950504619936,-12.395895676650467
5.796791409444957,11.976219012187958
-0.04923611502769121,7.922261300156563
-25.613033319867547,4.0622799778468455
8.585027502664854,-19.321445708180583
3.3798202511619033,5.347355623768868
-5.841657973705333,-6.654059219690278
-11.433546549317196,-12.739963187342543
-5.750653161248561,-19.772198342761133
-1.134520802476449,17.838372216056904
-9.139176053013777,-15.876094490715388
7.265321096485238,15.505607105830993
-3.741813287954539,-3.802383804103019
-7.023366790082047,-6.7916676931863975
14.734291165531827,1.9750755432963554
4.561523116823846,0.17836845244322852
0.6508591873908054,-9.842829687989479
-16.556222110513666,16.47959309167901
13.004723429928095,7.987364207145609
-3.321440405870794,-7.322118216376277
14.467020229846252,-4.296016658674228
-16.42019381195471,-2.9753673489036627
-5.6487495140194435,-5.928824990741672
2.7146344681063805,-11.36310626633523
-9.910046833952594,7.549969847319238
-7.041164735071412,-4.5167965226128
-19.605762649940385,12.775240235967726
7.9423090936727805,-7.283383071949717
-5.136839921366974,8.33814398648965
-0.3759075462728489,-18.958198013028387
-4.337196780440052,20.628255813424026
5.2362198205717965,17.869346914468203
15.011273093866421,2.6598795763044767
-0.009206393584222906,9.288150931118825
14.053434683710018,10.028395559334603
-5.681992602239066,-5.465458603158259
16.00247608639916,-0.5991847745810033
-2.7744223373882297,-3.710415705475092
19.173637089481407,-16.53559557450003
7.139055828516434,3.1511558542091853
2.326187123528257,-18.415764374917632
-13.255752323824396,19.892069696129003
4.737511720876591,5.8807648597360975
14.690971686332999,8.0138659567451
27.60946804445942,0.36879002917714465
-6.312907303018331,-4.149218258853151
14.394750996315711,-2.4543251768661674
-8.641343156087293,10.822243496829163
14.591786575615,-0.6902143670963148
-0.12439480901463512,10.430001401082569
5.430995674295295,3.7778703714971247
-25.032724656335553,0.6546778609828315
3.171969479721413,3.0389194725364477
-4.291855318933209,-0.3022403241536322
0.11213891159579537,-21.899894791713518
-5.067455957315728,12.649817354401646
7.125598211439595,-7.532093383821808
15.055490916447232,6.510541760632748
-5.015210586706914,-1.4732362268067138
-13.80667487399794,-12.5822556402504
10.628471016609808,-6.8750902907762885
9.495904423085586,12.454151160384228
-10.310894954938574,-16.18546608966972
-4.07376279669034,17.970884692915835
-8.986669687491936,-16.43240166945666
-24.34397299319983,4.000476495068543
-8.662705323244143,9.26317561521162
12.590538253569827,-8.010746278078756
3.556009231251255,7.949808454868108
-18.502333949411597,16.07601874274329
-15.870366121114788,-5.7509645459235115
19.455580558554615,-12.646996881987246
-14.502560997472813,-2.3733162902113767
-5.819795695654626,-6.435266017618232
1.6818036298086456,-8.74847839931393
3.8382382489498506,3.13376652964075
1.6727953609416422,20.59137784453274
-17.098752653486144,-8.178485569157779
18.927008609693868,-13.17214363531545
-4.697433031709893,14.110684120784644
7.796314224401539,1.3564955448273253
19.4935676607335,-12.21355887473487
-1.0780737788822221,9.273680737500666
4.981193978154813,4.147602400209322
-22.37182530301417,1.0451985974983826
22.80879770779544,-5.852303555301316
15.530468791651131,5.553944379403873
7.375710476194882,-10.584405679314983
0.946749277663207,18.951531746279407
13.006404331431876,15.078956580753228
-2.2403033081339325,-9.360512378128679
-1.3720161866405984,-8.126175182704136
-4.787466158375901,-0.18753779697092832
-4.806341088966066,-3.828701849868502
-3.1696209439122196,19.475177374926467
14.514031123276185,-0.8752617793900683
4.574407955420617,-8.318737661706766
-12.456014857218776,-9.513794004293471
6.130420084036004,-10.384953150400298
6.4865787052184505,2.007424786726302
2.443162066802103,-12.855317646452281
-10.504740588165765,4.409289893721321
-3.7918672666845454,-2.3085847664520793
15.526475018598983,-0.23842202623574138
-11.522387411985443,5.70530308388947
-4.116392765569883,-7.319750626967349
-1.9602147482960035,-2.5088341427853846
-0.6335258786928453,-6.509927115151176
-24.32805422736142,5.293555956787849
-23.196920620514273,9.248210618870148
-23.81381735818713,2.208238689635219
-4.107795688651551,18.994374236429287
-15.112167780186716,-2.9222038808952417
10.079753597716833,16.1502161072445
1.1390050883701845,11.02974633014
-25.66499214570775,9.145565267790213
6.2995323467930575,-7.571230861905922
-8.799673841391353,9.093936249674357
1.2020142799275197,8.56709404031971
6.807039157317041,5.008186092620306
11.700113408180888,-3.750781284452548
14.255560064439988,2.928846509499976
-2.057562270070782,-9.077488503307316
18.79087282677302,-16.503397303504162
-1.4976335201635123,-9.549319936697044
20.685084298222986,-11.21534615836255
-4.873464657590693,0.05255628624177433
12.03185083929546,-15.10750585279107
13.631807095910446,-19.038390044243602
-10.843483217540186,6.090875367634297
-4.710182095478969,-10.027263441668069
-2.0718050145469107,9.699728620675792
5.343587102569169,3.784975336600356
-3.346549940018631,-18.731774208605618
-7.57616748289612,-18.065408142645538
9.04190608256215,-10.451927392912872
8.841977498524537,15.654180681146423
-12.796125609446094,4.770122241081726
-4.118990200293871,-19.90025386150033
2.239868358365501,-11.101279949324335
6.768651694725564,17.926444951967273
-11.122695220277798,-6.291063703182163
2.954676076482671,-9.73513627851053
-3.6586967073934717,1.4291748556786656
-6.275985035183163,-2.290641701379528
-11.323870649713108,7.328048575585854
14.029657208734623,8.023519468441886
3.633839028045617,12.287723675971758
-11.76620178523084,-17.04584055084129
-10.85928733130955,6.33120195758122
-12.617470458529246,-3.4356339278782344
5.520651770121086,-1.331069664182119
-10.837520790834656,-12.342839526876435
-17.71231008866645,15.149962342775872
-10.376145192459624,-16.01025607131997
16.958232162513013,2.141668745465422
2.596590376512987,-21.762843331878457
-16.734642121965173,13.875731299993443
-0.3045400176848254,-11.757605611336846
6.24806286845676,3.419655427871718
15.344475911107995,-0.562538726038861
-6.725221150139431,19.9267817772966
6.390922622804087,4.3235232285850005
17.118998401066634,4.391150659059251
14.689820504933724,7.258526515284218
3.544198083582005,9.408727081560016
-9.737408337952266,-11.972890017886451
8.674873090810923,3.3698873133185563
19.328391362984398,-10.397681848538245
1.3860038570769908,-8.851466578186296
1.1546546864749108,-7.824999631671801
17.535869609405403,7.487160759108963
-9.597949776081126,-14.84529130596954
10.86761293463037,-18.988257339319233
-14.96539800093452,-5.56981906894616
-15.277540058644242,-8.573861798119948
-14.961635629124322,-0.6966453713899972
6.05213754826325,-11.338708231144565
6.176356242865923,-19.307906311143878
12.514388850795719,0.9033346261820681
-15.207670346178324,-11.861155837770948
23.098493423728094,-3.0402871682542307
-13.248959703083417,-4.206423332735724
6.736376028757928,2.92971692650412
-8.047831522862676,10.20674297177544
22.32181833231549,-7.778970942590547
0.7273690378627466,-9.98293854275736
-16.164734969566968,16.040807715356102
12.44702255802302,12.58387962980429
7.4305643107406105,-21.938923825032717
7.386850432308619,-22.28541492800916
-11.760660471792065,7.091293343773901
-5.678665399088719,7.198292381425027
4.296637104247436,1.270084804973624
-5.340388468569236,0.14920503946943675
16.003280484848553,-1.1495025721200234
-26.694510810189605,3.136838041506723
14.250099127134574,3.891843795247843
-22.062484606019073,5.338058642247134
7.2228087515535355,-19.92367352321585
14.822784027569687,-3.578651915638191
-24.499197228205784,4.381773583077994
7.4976227886945095,16.73632507235361
5.828824811714074,1.4947355623429623
-2.236504664901126,11.86749632927966
-9.719422987332447,-12.289583691320733
-14.55859516988301,-6.831664160856328
-5.688708628386934,18.558639526380556
4.695721092314491,19.811269691987594
2.3687709624338718,18.44788715898047
-11.977416809258205,-13.385434464689268
6.7491690214661775,16.96665990967661
0.31021945416740093,-19.86168634005159
8.519078172154497,17.265170869345177
11.567136953194519,-8.273992032574272
-6.14701925732604,9.78072463672656
-4.40826990139162,-4.203054727740405
-24.44430087544346,10.570234646207638
-4.911167732239908,-1.1087756469865382
1.9851157981199785,9.632187961698339
-0.7582613023107012,-15.967778406074657
15.678479117634314,-2.859369883935331
-7.178380907611248,19.980567646977768
21.208178002355474,-10.920638089527602
-11.017922951426478,-0.9595936719798835
6.388154925860778,17.67382811538974
-8.812806034328954,9.548880844781207
20.67532199868507,-10.380709062883989
-10.793224891139456,16.11968724836338
23.974439749738124,-9.468367016916389
5.380219117675895,6.1316793824537115
-15.030092900256175,4.8930597143349575
-5.8565780821004,-2.7048007245658563
1.0841281443763529,8.284232175382012
-3.2857094205302055,10.725926724621988
10.799620879693181,-8.132921383295304
14.553578010487453,5.40394209636089
16.869320942736817,4.877816566680395
13.932776081583032,9.554355859009291
8.59997675584115,-7.370691699703708
-22.99979389408891,5.387499239346732
-7.502274516112228,-6.21714856565946
-15.11360548289208,-9.62216939760909
-7.294826185884956,11.912106459078473
-5.272047594590081,10.592502181071223
21.15744903650601,-10.922010380701956
3.4711633345925335,9.197489349614353
9.772545332439272,-17.835733238046327
23.402272127412367,-6.589309982956728
-0.8939785700283558,8.529385257081271
-23.780246054497553,3.800702632908022
12.487296085101693,-7.358759040670645
1.2686502216628104,18.619076355275528
5.786681915205158,3.791576382291057
14.252403871950255,5.25844935448446
-15.597656127818427,2.5846985502541204
-3.998168741905999,-7.34450591128738
-6.8022057332853265,-4.78228070967519
-15.62230488322796,-5.3497335223173845
-5.393350160747816,-19.38251764850525
3.978711778351807,-21.97058100232116
-5.379305565387442,-2.484125203188533
-18.17093717201083,18.805639876726097
7.233941958388403,6.783647350671849
-14.199862798857254,-4.695555747181093
20.848779870165544,-11.771009408032105
-23.712269736375912,7.2082234162199095
7.407314844761181,-9.95284584244586
-4.18021584444492,-5.41910716817622
-15.480230999478477,-2.529856313641817
-12.922448437401476,2.437302838148212
21.869144208977975,-13.630918326760971
9.778596705763489,-6.0139286429989145
-13.503762692573028,7.091140414383503
21.05177609843576,-13.733358533510208
-9.592509782433915,8.27551287436096
-14.40843111117519,16.741763651692413
3.175439538917723,-19.42138837915859
-2.2820235604477763,12.704592957409785
-2.6782846124346045,-11.390781170628482
2.2361772843482557,9.537599304139828
9.745461059618831,-6.360699545474542
-3.3756246964882504,-6.813206778183719
-3.546614631766135,19.786643996197583
4.7883279723121115,19.610182813461652
-23.14816827987013,6.965895754602286
3.130045744190067,-11.090188514209274
18.527635402156513,-11.311832161712688
15.714628005605434,4.668486654789848
9.40944776567608,-5.587663561530939
13.781642983362046,-6.4282379800297
16.199566906375104,-4.832220038144395
1.188390828690237,-8.590363816752014
15.001463061977757,10.499755082576437
21.94951159598341,-7.527508562067971
-0.3351929108623559,-11.945961200715045
13.380783069322344,12.738496291959208
-4.548478435851806,22.40299928104346
-6.821390797408387,10.205800425946322
-5.947048567995312,-7.742637046195186
12.292773452066859,-16.293455815199582
8.580562824965353,-7.638949289556358
5.323426383730965,4.581431685216406
6.401066078050947,2.4627364311594073
-10.099708474281154,-15.162007696567908
16.48685526150868,8.087970522843232
5.466479767390682,2.610250325079136
-10.571246080405627,6.868232428343973
21.744444358747437,-5.758305236370057
-12.953624021071041,7.161167305414043
-5.889168894091323,-5.2454942934650735
6.418127368289074,-8.905378983238336
5.899174899645657,0.7774895937347336
0.964200137579883,9.49545932760828
-3.4581614292962017,18.28731530061806
-13.688214561457368,-9.014653863694493
-7.002615734005107,18.47887934958693
24.903107536704002,-9.058672330931277
14.60993172691666,-1.4752207994596285
13.496932810602285,-6.7458554823320105
-4.144992511974954,-18.99411963369104
5.470761787551599,7.471548521372165
-16.42958895885323,-6.795827401067502
11.933603204114213,16.575999755411665
12.1204875375016,-7.617269459489974
10.384314593913604,-6.299636080574035
-17.945716127040793,-4.941803436917069
-13.571297508013686,7.346308251909556
-12.3992710286285,6.204573439908602
2.976928393037997,-10.013151578282736
13.748283903266932,9.426113729122049
3.674289216807603,-18.48443308883149
5.388688711416057,-20.095633615446573
11.767367161296436,-4.5918614590119065
-10.235317380589175,21.70030577747829
5.6069855611829365,6.8555247484793105
9.040307325652053,-20.241984252182483
5.683034955025395,2.5332632339347474
-3.649228694156296,6.836224254590382
5.2704108550369035,-10.29489023946548
-13.61031138696689,1.1703030354924286
0.9617859001953482,-19.89541229630716
0.5135394230815016,-8.97136886780944
4.702248181783263,-17.040001423794287
-4.536287938058169,-1.417189685783307
-0.6883358980749923,20.06024326431748
-11.922296681885557,9.636360787752915
-6.464428842041882,18.489689496615803
12.01255984225359,-19.195330425752285
1.7882073738601671,-20.6508044346236
13.955336274862747,-8.044125556151958
-10.152667068643,8.144915970529073
-13.924747600249212,-10.208298711923995
-10.84976945343275,-14.420499602263712
19.037794682704646,-12.945520732634622
-7.0138063128311,-17.027981247627004
-9.635496627914153,20.108461537439524
2.3402953624721565,10.179222679654075
-25.59725504216707,5.956103747741203
4.700541904000019,-19.9795768140344
-22.27327855580151,8.103291143624332
-14.152319866808273,18.690480961709063
-3.3506841247484296,21.245263162283962
15.591695571501267,6.167260548222753
-22.45402922445056,4.339002364425264
3.8839713077398077,-1.6474852388082923
-11.240280085893602,13.482433901169408
-0.4068653717652958,21.206045473050285
6.574685492338519,-19.117133485367066
0.7634066002867153,7.632032617093944
3.8744630555072472,6.335155531943964
5.301795003625731,-20.288936077903838
4.808351441558743,-10.84703170610585
-4.071051135199474,-7.025777894499872
-6.946472722904081,-5.486471628441413
-24.46666913721738,4.861845742435133
-15.369180767984146,15.052538375519905
6.034308166331933,0.8073941556877603
10.854887315413794,-20.084695913759045
0.6444466820542885,-11.815753756954786
-1.740623995936239,19.923438011251733
-2.874488331897654,-19.28730649315255
13.50548551394693,-5.336530056317027
-21.095821466664557,14.59008334481183
-22.386870999787803,11.699169980613412
15.268259812766871,0.9315301065927784
1.8762921914182524,-13.18259931616361
-5.065425548194781,-3.578515903766989
2.8590529157931432,0.3067551340446661
13.780083632612822,-0.6225277327990972
12.60659608463933,-6.1012024644878595
4.494116539279473,10.710717289283608
-13.330309940163477,-3.580052157456577
21.483003002327223,-10.38012063961707
0.01621841673449209,10.09938999577855
5.621541109865138,17.59667958173706
3.1249734751686162,7.342942542121244
-24.675150253329413,-1.0075264485761908
6.338604445786992,0.7438993952422557
4.745456957822541,0.652979522828276
7.530861590450133,3.221905729162419
12.00108192827637,8.107886309579781
-18.78196669814635,12.672030218893976
1.9589690505405006,8.73244604657732
-9.831599045638702,9.108860570710767
-11.991233993206283,14.211650206292155
-3.0549916616274877,7.965800283129516
15.205488475382678,7.451415225191705
6.1082167076976885,5.176402361066114
19.144350178432337,-14.462498716909895
-6.019852331465495,8.570947413872354
0.4675846629303515,18.339671536765156
-0.09599161828671154,9.758510473840795
3.075865874477113,-11.702250844430298
-8.135866130680395,-17.387542400146497
11.501517096844767,4.749266176101164
-5.986373291710433,-4.546976311696427
17.09831250296061,-12.795268072027884
-7.720472012448011,-3.0598119272616104
15.165330533970327,-5.567849408112257
15.143607377416425,1.592305698081642
-15.392296254123686,1.978591738386621
5.535182829771995,-1.6623989821908274
1.4316373899124832,9.2020321201397
-22.443485225187903,5.830240489357956
11.94523953743311,-4.29116856025915
-6.857805964332032,9.099935392888915
-10.835512505529703,7.546464392186561
-5.624995539709318,7.407012443515702
4.264510601857703,-12.359491279870229
-12.427079519024907,-9.755814284187187
2.6906947317927576,7.723793386007414
22.04049346540184,-7.595438617503293
23.183960514956723,-3.9372561088700877
-12.98563957911656,-0.584275230032876
-7.538173142265204,-16.882940951574163
-15.477722336663449,-4.496044931013881
-11.370776936866097,16.588599910625117
-0.5113206677308224,-10.223975077464384
-8.57542329953433,10.382082213792858
-7.516182088960149,-16.457870080598823
4.968212644103394,-9.881356852215653
16.273442846344665,-17.751119656958846
-14.443760913993533,-8.263710384188588
-12.71483812435785,5.290570240180858
10.544560692748409,-7.42119088202786
-1.3009439350936036,-21.560028872425292
-13.57733072274786,17.38129313638381
13.130629610648963,4.844442647539991
1.1960503791795178,9.308335375714966
15.535872692968267,5.168387011763111
-7.569594688384679,-5.894940465607378
5.802957348677313,-21.166781064953497
13.912851087970516,-19.292681113178755
-10.143813631997714,-15.676044159905217
5.621261025917302,2.7991860033410094
-4.120242860801968,-6.865699445616823
-24.31243455229907,6.091525761951236
-12.719647908447248,-8.110110452678276
12.799025898151836,-0.6456912677549971
4.3646482032118215,-10.227056867293742
3.5443634077229347,-10.182198107327059
17.419312755266144,-12.78996772621367
-25.930904753796295,-0.9023333348106304
11.733469470180687,-7.246574793043543
7.162613817334568,17.992249323010462
-2.4587548845516287,-8.255309124649457
6.3744748173315084,-6.788068783726212
-2.804146185403814,-8.652720377900163
-11.193827801244437,-15.127075085906503
12.555551937862338,11.821317252859362
16.048043781859562,-15.66546580714275
-4.299697808557087,12.952246682571523
-14.649709847787005,2.684239932811595
4.647441029300067,4.637819968927126
-8.411501969077417,11.397241972220717
6.430244828751462,0.389977693167455
3.59425968831075,-20.349703883685176
7.838465782263086,2.2682314128070193
-13.088776669770683,-9.118521634258258
-12.783170021210433,-11.833594663678495
2.9123120996767016,9.396072196699349
12.128219103444092,-18.406985424891918
-7.087277665167551,-2.4791255677293575
-23.39941338472064,9.14968969561363
-0.8018331929358093,-6.646736305641582
1.144618259969906,5.4442862693171
3.3671251781412024,6.107956741598912
0.47827958354482797,-7.850631480680673
14.296920130484358,-16.270909194711702
1.8317924321110268,18.891948941902978
-6.029638637417398,10.818766359893804
-8.736802729381438,20.569476968029537
-14.554324440926674,-0.9176877284994718
7.461186409258184,5.7649791452686845
4.1196999885923375,4.119190462893128
-5.586519252449538,-3.308677135474401
14.644047625125149,-17.945973350617432
10.488214349690407,-19.775707551094197
7.67090880402024,19.172376708972447
7.405601420283831,-20.471717334649835
4.97245532630878,1.2950417839471895
-15.389040572558788,-5.411255292731095
8.90290168101146,2.30373628880199
14.192372183271651,8.277390294894797
-1.7888115990853217,-7.739109061476008
-4.846946247259975,0.6569695087943396
-5.518566335111427,-3.2919593613935545
7.341995957176594,17.087672498516064
-5.821707458490032,-20.187908658505
-13.340062612774318,-11.099712677751771
2.557187833026344,-18.73289588579305
14.121303508602761,0.02358479374681588
-2.6678970415060514,-8.049376573440465
3.0423422545499554,21.25538239243226
5.043383411890016,11.228599056138922
-7.9072372636676524,18.748604121527542
15.173576644990241,3.0056210190367114
-18.089005536922574,13.292102468539218
-18.52799718474414,-1.8090508746113407
-2.974970741821473,10.436876961531429
22.246986430737273,-4.23019357965094
-24.560297104310095,4.381268358619959
6.4345240913696395,21.19288290663037
3.160285036817724,9.574521639727383
8.885843994931442,-10.976218784394874
-0.17868209132463297,-22.671150075500243
-1.3088269279923046,-10.606548508818264
4.95983269380937,-0.22138147877528414
-9.079690141225988,20.35986050917076
13.073327288173878,-1.590686533541399
-14.192439845757102,-5.341932689947037
4.51789910706718,5.72971029561842
-16.519651717688678,-4.17431958161796
13.972501209853599,-16.38523353154307
-2.171686117023276,-10.152483708367587
-3.635175993495606,-22.496709432472855
1.402033701906787,7.3335843651923245
5.07828536988008,-18.382740662367
-8.493262527387248,-16.095976007257615
5.898618941500369,-8.617897349644142
16.335797169312965,9.919816100072719
4.715279574024034,-21.826767901320203
7.291480533797353,-7.567583988074686
9.80906609731318,16.264351359203985
6.866608219687746,-16.419739624773634
-16.05223387198364,-1.169597842980902
10.233835029201922,-19.12270533383364
-23.128888598637634,7.754469905529859
6.050575821088788,5.529738841827575
3.376394987847152,6.28173119416387
-5.868047201781877,17.639615217780857
3.4517807741546602,-20.271832488362637
-12.591314471466138,7.86642652563136
9.787343241310523,1.5010127329916847
-12.576270100570687,19.942861123574612
-0.17360018696501434,-19.88769186727183
8.419572401325945,-10.047388992089424
6.4535706919818265,2.4755528759271335
-4.93040271550956,-6.876138796091899
16.49137467313352,-3.7357648053416295
-3.3001965849227446,10.249359933366092
5.994536021442202,-19.653807199771606
-19.876829939175817,14.408184940700496
9.396974619626642,-19.520804596926784
0.7493202707935014,-10.526419876210017
19.02589766999141,-10.817307269558038
4.081505428794142,8.913143807876807
23.675784460102122,-2.7552037097023625
11.717378911700074,-12.811452919264832
-5.0089739250482195,-16.551216329168458
-3.2201170554259066,9.456343673389789
-6.161560052511197,-6.18288146296231
5.796004385226367,3.373097226092994
-8.584668306707295,-18.99941835106033
1.4305695839172523,20.647800407531204
3.99407182794624,4.043641803859785
15.827465214635083,6.7596808401935276
2.333293612410528,-21.413197155395594
5.482322019164413,3.14099103211943
9.492342340391787,14.186563815915239
16.567916001473616,-9.890838947890083
4.956971309291987,-17.511950843411434
-16.43493008528631,18.489994101665538
-10.249343160335018,-11.702398723812118
-16.160160916184207,3.125476259822063
0.19112698418680274,-17.685741444370567
-12.010649474875297,7.490843022658147
4.8774810261430375,3.69173771703623
-8.943169136077898,-18.19276184347023
9.750731220053245,-19.57215771021775
-5.09439495115894,-4.216674964392148
2.0537560408866846,19.422144855435498
-4.124031820231082,-5.9977868913935115
-2.4207029740848047,9.131736045668031
14.016948919466182,7.953749366687966
-4.950588307719194,-5.72646422268816
6.423775463294594,5.988425347982455
10.554578868961901,15.360714353535327
14.708266366916181,-15.633307723616202
2.7559894041550437,-11.249260344197943
-2.299025356462609,-9.874822119638514
-5.361949878207841,-2.3253722812631716
18.61725858269171,-12.223318501467563
13.024497390878496,12.085804302639238
6.820406603062909,0.5637127150532586
-13.217547872529135,1.9849021610530975
-15.346734571012556,-5.798683807472
4.8279118797236595,-10.99691918659376
11.579868996029177,2.109554313078
3.94031169911469,8.852572904895368
10.796407771396689,-9.29053130847976
12.604031945181637,-1.9655873114946636
-10.559985114845947,-15.28393255887652
6.132607114067747,16.717816840654045
20.56307548660908,-8.84076570581048
19.63846859890628,-15.70976255575875
-10.933666204348745,-15.94507677141972
24.821834764481174,-8.6347271433561
-10.50946565574885,7.965545160676359
-14.763833656732274,15.568856023763601
-11.9838955487032,6.056676204391093
-8.18387426327529,8.975335271430252
7.310406594027327,-18.212518521449432
2.3158131722827573,7.749140459136523
-13.235203807173367,-12.620434537972134
21.25008363122776,-8.108273736615441
-6.250548149818519,18.84594122954979
-12.452231551030268,-13.750442154650354
-4.205557559460438,9.173540327342353
3.2838896457414988,18.870509558232154
-6.879767350276535,-7.3667919756241975
-18.07256575942891,-1.7075881865842686
-12.900145852770297,5.885958490503191
-14.525362368709557,-9.285177796214533
11.547366652187128,-7.3973083079731285
-0.7437426891731939,12.788934414401272
21.24296100177544,-8.995626897390887
-7.714671526536493,-6.762808971978186
13.615482783355215,-7.50584394870287
23.736635166330576,-4.497809845350655
5.624576834475128,0.056350492753800996
3.8349369263857023,-8.938914071252201
-13.277301119803338,-12.967202403442093
8.764401193007943,-6.6672105344791035
11.466135874729268,15.096726641256183
-2.803838953581191,-8.470594359563098
12.527290246181618,-10.614773549151485
-3.216439503213952,21.239824033626903
-13.591340032980375,-11.708797933186172
-3.304677107171134,-9.419213208671765
0.8230087421266274,22.614168034110595
15.651448239844685,9.284852755574807
-7.576084597832178,18.256645335122535
7.011720646252007,-9.054722667650077
-15.105916164673278,-7.985048691457139
-21.7817934046065,6.673863753857768
-3.6479655645917557,10.124618147243428
-23.571391949259066,6.031927796362622
-8.609627604025741,18.798819408474284
-4.02988287997106,8.835447754902379
-12.521317128666446,3.9836354288652505
-4.941974991568734,-1.0790936103402677
-16.102253976897902,-0.5782579032455009
5.6140608343631095,2.606514469953199
16.385833924312387,4.145102897053615
-16.835708275493346,17.585566361464057
-7.08246386721456,-16.97192320606225
2.896140831503733,8.699634267677046
7.534714594678328,-10.503082686185142
1.3060475474238604,-9.425214789426182
9.215996352040822,16.933658122422134
7.799441623851283,3.1230218662792564
-3.693279628537191,9.403535957067367
9.089647243595547,-7.758095938184913
-6.371263247605206,-16.630428178423042
-4.828464088951384,10.057655632440706
-13.006302235709416,6.471536274422352
9.13250773054937,-10.091708233222851
-6.827061211569736,-6.265714504879394
2.0171590063719114,8.27319808464205
-15.756715722046794,0.05301557936054868
-5.332005300146028,-3.2291056517195176
-3.990452563156997,13.070040915815806
-14.747687053015479,-7.452042894288459
9.87341094844203,-7.558311522272478
16.762978403372234,3.208565923693546
4.984506041049819,9.030834891234786
-7.998739224038232,-3.7319844500454566
7.113984128043182,7.579011680772277
-5.963257537388063,17.654852361089706
4.762487458738933,-9.861832767534587
4.5047330128289715,2.083718334878476
14.53268053102064,9.39131026144335
-6.046027709527097,-7.796185136070921
25.328190056210648,-8.462383539054528
14.878179828220743,-2.2308341031370538
8.93670450389609,18.93613188616199
7.254966629319609,-7.373726157388203
13.494010090681467,0.8237490460179537
25.492386118464704,-7.031041607414049
5.250350854428634,5.935836968194961
-11.807074411947823,3.501750544854876
-3.353837511951185,10.780262051510343
0.22229953495734267,-10.671030069919578
15.369875843831172,-0.2293296874741848
24.03617038911821,1.920411069657976
-11.39513008065221,18.303847408821213
7.25365596511308,8.214479364217766
-14.623588374359201,4.085707552443237
11.249857178606925,-4.231359454408799
0.06681297695219507,-11.415794010115624
11.437078238767775,12.919912927290692
-10.491070179674015,7.591257784067948
11.643500584912548,11.56687432930967
-6.039238785902868,8.256734270243351
-4.790844042180911,11.673668282035527
16.11260957108442,5.788763942216674
-11.192406470326544,2.353529863587117
-15.642690209267343,-1.3170576638414295
-13.502303895092465,-0.784949565109506
-3.7782784661667472,-4.396136709603416
4.016611264405563,-20.904175498134336
-13.75870622632448,1.2194131149847554
10.703136606212372,13.257516950840484
10.518130202252216,-7.131523213559115
-10.934995579481159,6.889790815769867
4.007914292949866,5.331341016197099
-15.328335854728177,-7.022141114936415
-5.031020221287946,-0.9910722289915657
6.721517585022221,4.494162263426115
-12.073118244447043,-14.062978916060507
6.848761803135577,1.2011923735360046
12.448637471418195,17.341656348833006
-15.631629510886416,-1.2993916442871576
-0.6421572873100743,17.517113948773176
-20.33297310540339,10.346717412752982
-1.090907127807582,-9.683471938794598
4.374045971208646,19.41748995679586
-13.53459070878287,-1.9179248199414298
14.781741363419375,12.676882971256003
-5.455343052452137,-6.902983192715272
2.2440040277658664,3.1055641988050353
-8.328875742623353,-12.840472030281225
7.277320574872171,-12.033202884874235
-24.61935558142129,0.32987881526951357
-24.220882270418517,-0.5228759911461802
5.795562284488225,-8.633095813630144
11.875175941835693,-5.483853010710153
4.4755610050227626,1.6678826960120172
-17.332400696587783,16.96231174080462
7.349744716806391,-19.719251818067317
-6.31070476813901,-5.633291936314641
4.070457645142752,19.24960300624941
-24.02159183024231,4.3388527008449795
-13.361429558596381,18.154697637092678
13.229371845304938,12.053068620966645
-7.252615742002275,20.197264584461067
5.411526187911726,6.663286625538998
-6.518697651762136,-18.004420041100143
-13.639774516598926,6.951024331272297
5.816121083802175,3.753120577493954
-13.51897518337717,-10.526627784476755
-6.364982923273705,8.928829117416937
8.184905876868404,-8.600531568677265
1.9529938875163633,20.796895427696906
14.343210749796008,11.120200097418042
5.155406512121525,0.9034108058417715
-12.88196029807314,14.612820616389792
-8.031754370506153,8.751938501749132
-21.70078876415572,7.34851269214359
-10.737883673814792,8.57750723991586
-22.862479866385815,9.749095422625977
-16.76223470878529,-7.576532012149806
-9.283201381650859,6.499523043576013
13.879074809044981,3.6395320821333836
11.872988933175973,-1.3620101237102977
-11.205863910545014,6.475558048006911
3.6612715677879004,8.73212826313798
-15.98230175915771,-0.9254108388415907
1.1507043741088339,-10.185039583313145
5.044605818968156,5.889101493468925
3.7023841931828514,-12.390123700359108
9.18029126075659,14.76629878957698
10.575248909965868,-18.27435154247654
-4.101018517718008,1.3636215493419508
-0.9185468050354902,9.388163840791496
-5.497852570461918,-6.026020276116888
-2.930695942763318,-10.37872501413977
19.817215671126014,-8.730348666720408
8.507904305397187,-8.320803177397147
-3.1569324198934563,-9.78554225589093
9.423766204902158,-10.261388922521856
16.502413059099805,-2.6643995816032646
-12.72638135931614,15.69213492077374
-3.820478299759726,8.889238250032001
-0.4856265764868275,-10.394752582815585
-0.7692080653704096,17.933685256016695
11.268890001634322,-7.043128673422763
4.317060592019659,-20.881658005485612
3.6343503831927237,-13.558548561637533
-0.5504309944659587,8.722340394148167
-23.458149762027066,8.623164384283621
-22.254678690807758,10.706181400428157
-6.492268452052709,-3.7964315142594103
-3.1072262033102693,-18.40680191024277
-4.244208293909148,10.337356963508496
-22.890970445221193,8.260166344208725
10.651125114507806,-3.084205804763356
-6.841036365371876,9.924161778714906
-19.906845768476433,13.350832426678961
-3.7379164232106623,-7.473823205413516
-22.600536340087885,10.851654840280426
2.1595998329791852,9.286132184859873
-13.856395224744244,-0.5110157279519254
7.448438012400885,-11.589716154516214
-4.831282108196602,11.429179137595536
9.43420326899987,19.079427222475175
-11.871650491071907,5.9851436279578865
8.956637394676982,-16.68660523625676
4.559966958649558,2.3029522918615966
-12.72973275170642,2.396651813594449
22.402938657246274,-7.395833584273904
-2.6551799008766217,19.249856254231112
5.503044695134153,5.315011752248471
-16.539873437497608,15.461439104803503
14.868286710854388,-16.871456034902607
14.633435165890523,6.892380368674943
7.505972146259626,4.953488876878765
12.337028745927508,9.996690308645233
1.962813592741563,18.05841496956297
5.984244878481868,1.036444609365636
-23.968941834983585,0.9599586570845284
17.74231430025467,-11.942028582314693
13.73625451947414,14.256642628253172
-12.329369170039824,6.625937217915718
-7.412784629443001,0.34679152607754443
16.15207005319645,9.913829178803063
-10.972623013520655,8.788462247058824
12.871388612573176,-3.0545993467868824
0.45977634205683193,-7.600154733053915
-14.927188961138542,-0.5839146271127269
1.537529604318523,-17.009938024429914
-1.5066598061172445,-8.919953566204896
6.396996562104789,5.547708245416952
-9.968049288643986,-14.163114753883631
-15.797298907799709,-4.595392397933226
6.899500515057235,1.5386801156027867
-25.462848744365086,7.459289631343006
14.265426972520267,-3.1953535305175427
-7.838633174197591,-13.989841832162998
22.881429314228754,-2.407276878578982
0.16897435409871397,7.7410796203715915
17.863034051335493,-12.313532574139032
3.3738390961413938,-9.366783338342834
13.157896741541448,13.214955783487493
8.574627647843586,-21.82812369591277
14.52647990536746,3.3469751350819807
-5.838043319148011,-2.708120758030276
-12.897975097802515,-10.574344169182048
-9.712938327022458,6.571304642872372
5.302257740316809,5.611991853681846
-6.608538379119846,-4.148636306353025
1.6767772401411574,-11.620949705607304
-14.62588523310899,4.546112991824758
5.21552395537339,5.707315024680057
-0.3487613108193317,-22.852048268811732
-14.871253955993902,-6.232482977714447
5.894371261176765,17.058263287807197
13.37430526772922,-6.493940207544904
-5.211014821778355,-3.1219680038814785
-2.473549130998099,-0.04857072167268106
14.693272130661974,5.06745715638081
-8.691801818622954,-12.074660798634978
-4.181053029258872,21.052907425218578
1.8900788445047008,5.092035058610113
3.520906985130223,8.331896715522564
-23.76501367741667,10.185941832168385
0.6491712088597309,-10.33174251479112
-2.9569625911663753,-7.57767617668208
2.5833307413261726,19.837459158027798
-27.191830139591104,1.0171094831606489
-24.63037235235242,3.515736610749277
6.966618370135833,15.711604115504572
-10.680461206608022,8.027804584287603
2.997256034648617,5.267907575127053
-7.600820083872674,20.44663242217215
-1.5217884590065884,18.899738523870518
2.419552887437566,20.438737379129794
6.737013192006197,3.472910138686208
2.5095976587731768,-20.659069172140654
14.351887094386884,-0.9132934828375784
-2.8713942129790877,-3.8178484462660522
10.121784230612503,16.205264379915118
-3.7010863994531906,-17.217362380736112
14.931270537269452,0.26732805214701383
-19.790088717306002,11.866480754642499
7.193392967384692,2.62637539412425
15.683967787018982,-1.2602853825003586
16.286494354732795,6.694877638474599
-14.334964176550956,1.405004639271076
24.528533352094154,-3.740570141062688
15.135458293526892,0.9828593561021934
22.361763541645715,-3.17060718067459
-17.972015067351272,16.37958378308444
3.62237368749842,6.661558558017208
-12.605183230853092,6.476096004854355
4.594389388888095,14.12971524761992
-15.285888629048417,-8.971608280463558
15.037657140950715,-16.434236951634027
15.300429906341801,4.526939858814011
6.484969693178287,6.631112419039555
7.500743269942636,-0.5326672975391733
-22.84276549047923,9.336547187900136
3.548535196393056,1.585795426980232
-3.9950878108346757,-6.832674007086769
-5.637846383017601,-1.1671124824098358
0.3495356229793164,-9.157433883411297
1.7059991268060706,-11.244665066664718
12.810617423766821,14.229174079848185
-17.833711266569168,-2.7931981498861713
-5.06419021145754,-2.929473992986991
-12.550810383479005,3.2108946587601084
13.941413254914155,-2.7818160538836922
-14.056778689598348,-3.891312411264617
-4.090323787450182,9.9819969289161
1.8835954066289218,9.928158471693147
-13.895526654563215,5.267054522122607
-5.970557765401125,21.671670125105997
8.302325450243401,-8.728055016568073
0.025946311235768293,-7.527670086120309
-5.987037686382459,-8.425373875309422
-12.447567976960062,7.535979709858677
-14.052084638774184,19.706778536906803
5.509023629158208,6.291712077828865
14.186551505202273,6.815822889221877
-0.3551068289257209,19.058932341908285
14.895918608272241,-16.048642160928104
6.2991979044047985,4.362640444913895
3.528233958126462,22.065803527377113
10.815199711864086,-7.349268535367439
8.27044876909214,-8.266275854643759
5.708726452768642,-9.278687464101612
10.63382171146474,-6.370970289609351
8.971529063031547,-8.194596852394259
-6.62302205607768,-2.9142678197570326
-5.922171432361109,7.575281443430818
-12.134015863848312,-14.681360159029493
1.8253142073524726,-19.533712954551437
5.043860747525219,4.426510528623634
8.030297953326782,-19.900178438659793
10.592789793790763,-12.814661153723817
12.19066355790752,13.600017058359727
-23.890477174187332,9.566122528936758
20.423989972506053,-13.999957165671464
23.853357125580953,-6.740640051364896
-11.714620638799822,-14.233932140715947
4.607584111858584,6.87814713613688
15.226111325258108,10.260019681068323
3.8374541157125233,10.520767201402263
-24.678963709281533,1.934662594939795
5.246806186213927,-0.2679822957378363
-4.402128658742896,-1.088510115487539
4.116136152977536,-10.902889637493168
7.677302333956156,-8.497354779664118
4.2182850409278325,-10.474064116380852
7.595074122174049,-10.676199459097255
13.812034927961163,-4.675333732215371
-0.39047298600112773,-9.939875375846368
6.4606951201828835,3.4126256736913168
17.378893930502908,1.5874571632220493
-1.8025589434412532,10.415491780385974
9.966961107510626,-19.47298598035804
-22.183866302963153,8.140401769600906
6.743463241777599,16.551029929466463
-3.1128646784713743,-21.712674526927607
6.293333387844026,6.377545391128482
-14.447586652915195,15.304530200352595
-6.221484990691881,-8.062707486242653
-0.9725337825636606,-9.419726756618612
-15.172811733073862,1.9089003865383631
-1.991201391579272,-9.453311724697262
12.324739340106346,-17.676764594426576
-5.805220630632839,-6.813957441843204
8.877905720977273,12.588713068003695
-3.435920766331219,22.325356385902346
-14.692819222187193,-3.6409709388114737
5.251777836633993,18.49931555905868
7.0981098003618985,-10.247341500627785
5.558102633170578,3.6852804429138875
-25.60783221342991,2.175302025160235
3.6855672367582666,18.496618238826017
-16.35184876565683,2.235105698740132
-5.2009326748763955,-16.59473201317074
18.324318799692815,-8.240018709788515
21.193739888104368,-10.404772642338923
-16.244001775496603,-0.5174364699539576
-8.026871116965493,-17.462473287283284
3.6176578963270973,5.351926386399146
5.33932587355818,0.35763053831416614
-3.6868386015645895,11.854049254425174
-26.056723285921333,2.129955962086169
5.011363046236238,4.721750064423803
-7.24772517080069,-1.5346583073133875
13.304474542311384,9.299192689608839
-5.059878914153034,-1.1101705900543188
12.14655798389956,-6.2293183653376625
-15.90394617382779,2.834914794621729
-11.947559928307683,-8.564875924822644
-19.88273070394953,8.255541740181476
-13.410600336049793,4.542042902243168
14.659578322723805,6.344113347130414
-5.544234646530931,-0.47541127451293036
-6.845927195803178,-3.0353841940592305
-7.39675848198564,-2.7065514610753056
-16.230122644315678,15.511711550121992
10.716473403055314,-14.986453834559983
-1.7154734855362026,-20.096168622957727
26.287162375382163,-4.119211202406165
-15.510181780615694,-1.730402749926471
-5.777865220434316,-7.388209398078221
14.007950429844232,-18.601514136607314
-5.111351589573687,-6.019523168259198
0.6525711161207007,10.370285370834587
5.959770175849707,19.12192850219623
-12.223320937511653,-10.599139155502545
11.31482050981457,-10.82756421534891
-8.836807037924691,-18.34307306911717
12.349761951694635,-2.861105910167491
-10.735330637080509,19.186723245075328
5.772831659046011,-9.395006447561151
-12.740093853929967,-7.9084048377829435
14.85469486782354,9.206251014354386
-14.41241855677311,1.8686136109747982
-11.469782597320206,5.1621282469847465
14.798874189012365,1.504126814703528
-19.676545065457614,9.95023514090303
-15.213104857376795,-3.6191483907852953
-0.20852653256160128,-18.623318516194097
-5.752741951254105,-19.870877009796562
11.103580421178844,-0.5500956172409226
-1.5912345398790724,21.151461204624166
13.084184140967542,5.390196471271217
19.09408050875693,-13.768125293441871
-1.7319880897887276,-7.72544701657087
6.267158972079602,-9.788117778699151
-2.249617106997378,-19.2062449479288
6.295828887785191,6.5997195516692795
2.758301249926124,11.634487067358135
15.571332669257808,0.5510107723733846
9.72560303592671,-6.120677559011398
13.693949723116543,1.4799798166155824
-0.1701634684326735,-8.99974908606226
9.252386841893749,-7.211068882895682
0.799836543920776,-18.835269284458235
-3.0798915681027252,10.094030074266847
16.11407694159876,4.686393340391431
-20.823456910226582,11.018922844058846
-2.5100260806096024,22.28809330829101
24.687547463466426,-5.197015002679783
-2.9696095580353865,-3.920605126500671
2.7673468101895162,-19.125874692579053
12.44760775166291,-9.438507429608322
0.25920886460293024,10.026226776384721
-5.845752638296944,-6.577048419373284
-4.399531488722667,1.1232614940975476
-2.891160313564866,7.057308457583648
-3.1914848942158107,-6.202749681973906
1.9618439635000056,-8.782977109223069
-1.5414705793285173,11.001355336909569
19.760992613328174,-11.728048970995655
-4.5397116278968745,-9.075572261541422
-6.975642919380705,-1.8500770792464427
-5.353009026936869,-5.316831578258987
-19.45920025376157,15.544309925106269
-4.37899399778512,-3.167210208757846
4.000786784758844,-6.649419681759543
-1.9270715616871255,10.598328967476812
-4.794161458053955,-19.457676007122444
7.7865368738407055,-9.1203253193847
-9.463052626890999,-18.83895340305341
5.277401216588894,3.0318398468056627
4.0099431229383224,19.071092664052905
-7.5133779386693185,12.008039675202083
-22.787602565883613,8.38943879612498
19.2824750001458,-10.730725351607996
-3.015031962301585,11.422124449865596
12.255830557920895,-4.591619459103715
-9.751413284031377,5.320898607207094
-1.962131985698356,11.195053894083658
2.1576010494555886,9.896994721209023
13.98187799268876,-2.510379112107153
-6.109648143044063,-7.709625047341321
-27.732859324163883,2.5461887615373104
26.61525247453987,-0.30365608096502195
-13.6795884116859,0.848882657983838
15.81436455353793,-2.555761856241349
3.067955537863722,-10.400496591764872
7.871640212863788,-21.158683787544845
-5.8640663287086205,-9.36777400425
-14.504232117290334,18.804848193175175
-9.72670574656076,20.488585670557658
4.417024062948398,-2.5712088053302686
-17.51259839836358,-3.4950300073733533
0.696164727552438,9.144098721720027
-0.940005790048043,21.113596733847448
1.224722007731362,10.758649570386375
-13.929533950287185,6.097598573249778
5.417413853317231,-0.3609444897767945
19.314766644766625,-12.649753728668394
16.493923704557698,-1.1561664219594878
9.43320108223394,-8.33577433184813
5.6156406211712095,-7.629943884168258
-20.587549603189917,13.986599528270593
-8.607330040299725,-0.04004464780880079
25.700935184725587,-5.307954338317003
-5.245410294055075,-17.330442862784814
-20.149455864708784,7.00881031533706
-0.19358062434332302,-9.054891080093126
-14.939598899020336,-4.619093515314995
2.9601796082455385,10.459403015612871
-10.3256373486685,-12.682365492983301
13.473350267364461,0.8429704669424996
-7.376978224658505,9.13387123156454
1.1032704216435207,9.259480825350309
-17.066357448167427,-2.469528468694726
6.018194801046354,20.79634843067624
-4.168486213243263,-6.784692358034602
2.9542232040758583,10.480401399308256
0.025959188390916044,-9.277457044636359
-20.584465286259384,15.936788445454276
-11.010958380989276,-16.266095807623024
-11.1077339014828,8.004257033106146
-18.95723885562813,15.095290550436633
-17.4836117776394,13.986635356688277
2.7739762502578973,-10.630123099227767
5.013420276230809,1.1301464383604043
-9.78889332995094,19.257327583624715
-9.768609277665997,-15.958658408510455
7.089529964930801,2.4971174390666167
-5.13138013584187,-5.988736257250578
-9.247907855357886,-17.981236118450457
-17.315923349991508,-3.585909467451309
11.445100068716362,14.282114401051208
-26.460904049235268,3.786892515423065
-15.404185302661544,1.1135443640907368
-2.786582281482118,-18.681351563850956
-1.8395228498294545,6.911686876581268
3.5712764123290683,7.606968584259033
-3.113712102309894,19.839216579137418
0.8254605761382705,-11.938705593672912
4.703587801015257,-2.493115401565379
2.733186863258727,7.755449180268625
-3.106110107188842,-3.2548823543373704
9.738456264786116,-9.65865937574152
-4.862409360837371,-2.938785084500829
4.481349138031432,6.903030214701557
23.610793007109447,-10.906538382865838
12.213990486920848,-17.098504923277215
13.495659225280212,12.002580579661242
-20.25187973849999,9.572291309787273
-9.047584937094488,18.339747041058516
-23.090915969949755,8.977768257741777
16.028032689383423,8.235117899697872
3.803116503902796,0.11823559573245251
-21.96209593389999,10.05919649634146
5.897823876863953,-18.501979805267073
24.343037111451427,-0.8288982853070026
-25.006092805934347,-1.4133569814832452
-7.8396360865426535,-18.2180261673548
-0.1863390996749673,-10.164537141614625
-5.990332594082718,7.109592644574425
6.008294984690786,6.338397670368154
8.827029739152424,-10.553572752848572
-9.205573559116973,-12.601892129427135
-7.285640981127624,-1.0909596252680371
-20.826286050682867,16.45792597613534
13.056083281600172,-7.838050294777715
-5.1571514406437995,-1.905482921515219
12.918665365520184,-2.9977472958214273
0.801113181892732,-9.450541149504842
23.484369636034458,2.627516487449852
-0.5729461900276847,-19.35017264708663
-10.465359728039829,8.390952127715929
-5.451966544237628,-17.957132891790124
5.475724729118368,-8.995072888727647
19.47584392890783,-9.826266602222823
-2.7636340781516413,10.421606011594475
8.639470854529335,-8.855549473345066
-15.848975463168507,-7.426789448970086
6.835189955271794,1.282956641452528
-2.4684011178181255,-8.908289527238225
-16.08380368029324,-5.891939673927185
25.07911389347726,-1.3593600167434268
3.365778817503568,0.3872100157206856
-13.680363479649705,-10.89977835569336
-13.491612795180579,-8.075629170837274
7.844930033562746,-8.919698735762442
17.608315263775136,-15.047264720711748
13.59432542351086,-0.8605521429485941
-5.324306311651377,0.007701554553261936
-1.1945344918017216,-8.957973772066591
5.7550996032363235,5.459302091857565
-11.9552339425702,7.392346157213902
10.79932114576522,10.413601669929028
-21.68531412411743,14.40502962215161
-12.061111233585791,5.180260188111314
8.64778085825481,-9.520970640851658
-4.920863315971819,10.254961162108948
-7.8430659188907565,9.868279858319102
-6.607883994013433,-4.578339328281379
-7.4361988371476455,-5.2367268659429485
-12.617514088984654,-9.620947672157973
-5.239149251446506,-4.384593873104551
0.4986477000043736,10.743703601689036
10.184055739418335,-6.375020634952412
5.797478080480869,4.0468814345977515
-14.609665865047562,15.040582727966633
-9.01980617818722,7.303071630850328
16.63103661098388,-16.81342700467264
-16.41098192623123,12.938786923105852
-24.98912009816931,8.048510144061973
-4.03614160420905,1.082974749748577
-2.480823128158054,-1.1906975657786363
2.307296173718662,-20.85778656151633
12.89520210262091,7.069216777683731
-7.005928554314596,10.616115438897312
-1.0438554405245808,-19.252087185451654
16.50238965686564,2.1085839391640047
4.7471463253740716,1.6686139545460812
4.50563567945908,1.6439675789913921
-4.688683934778897,-18.9326248576241
0.37723804717081544,-10.599677762375563
1.8095957373126292,-9.811324857697265
-5.589638690253719,-18.452332333120157
-1.9384050545345168,-10.298180516275748
18.247172526631235,-10.613279491538993
13.65216495249261,-16.924517383164208
4.198986823386138,0.686859743806953
20.361580822189286,-4.3056160283593785
2.6183955259019505,-0.930209647600368
-4.7408479595692645,-3.1365328509732633
-21.49775651355265,11.701722081125348
-14.784110937292448,-4.908123916616841
-22.753786086277444,-2.28386843091938
-6.790860673882605,11.151024306768356
22.094287729308316,-10.37920013000453
15.31995908916877,-3.1286908244437455
16.58157251420106,5.441705021564157
-11.811328583813715,9.308946318728855
5.79556823911403,5.102643132885275
-1.1220167687089915,-9.143600503224654
4.404207151514977,8.590061190162428
-3.622595912076055,-20.913965932752603
4.805083422249426,-18.496420554338375
-12.092466993072964,0.6509305539665876
-23.34608087636072,5.809321473345942
6.8704030040405,21.87533687470717
-22.801300710495664,8.605855741418068
11.92546328153458,-4.8787176346785825
7.66015695217555,3.1060551991960343
-7.058197771244462,-19.07335421859104
3.2155565619699296,20.743943293418972
-10.403142466996501,5.881221226478715
-15.466447954118912,-8.030192823376517
20.998117850585377,-10.237432031027607
13.260021051222402,1.1548633414916467
8.863455513385079,15.369799395229885
-8.632860514790899,21.80233589541623
11.061517682132271,-6.021025373958234
-7.921525944150778,-3.455309633083412
-16.0751153340487,-3.211489718993442
-23.965258216486554,2.888171618982179
1.1809323547582682,10.174038370357534
21.88958631540289,-6.84956361587732
10.070641637335147,-17.952838649719485
-8.324171134991918,20.39165924457143
5.573664774656302,1.0300499611733627
3.5359963527764426,3.8825205543780807
16.24003838264399,5.576403459301408
19.12313185185685,-12.2963859291101
22.614507976679718,-6.171972654194368
2.7945682714552347,18.0328189464792
12.172058536633307,-3.646942232856007
-3.6268136400938342,10.902513915298526
8.923387934686762,-7.0502732569947195
18.682694164408375,-14.632999856461508
-11.750698677784284,-14.562739432346365
-6.374141615615528,-1.914593274662179
27.547028042882896,-3.4667821133061407
